1.000000000000000000e+00 1.112247466279510193e-16
1.008286971375297547e+00 1.145739775905908682e-16
1.016642616645170083e+00 1.180253218906770783e-16
1.025067504908216298e+00 1.215818721761305705e-16
1.033562209979138391e+00 1.252468124348381131e-16
1.042127310427824805e+00 1.290234205646556162e-16
1.050763389618756039e+00 1.329150710098153706e-16
1.059471035750737311e+00 1.369252374652005430e-16
1.068250841896960512e+00 1.410574956499539392e-16
1.077103406045398337e+00 1.453155261519309368e-16
1.086029331139531928e+00 1.497031173445390608e-16
1.095029225119418914e+00 1.542241683774595581e-16
1.104103700963097845e+00 1.588826922428672021e-16
1.113253376728339017e+00 1.636828189187154465e-16
1.122478875594740133e+00 1.686287985906595735e-16
1.131780825906169907e+00 1.737250049542954964e-16
1.141159861213565163e+00 1.789759385993131141e-16
1.150616620318080541e+00 1.843862304772445161e-16
1.160151747314598136e+00 1.899606454544855868e-16
1.169765891635595523e+00 1.957040859522716757e-16
1.179459708095379256e+00 2.016215956753511862e-16
1.189233856934682532e+00 2.077183634310304282e-16
1.199089003865634773e+00 2.139997270404042637e-16
1.209025820117103578e+00 2.204711773434779378e-16
1.219044982480409711e+00 2.271383622999694060e-16
1.229147173355424894e+00 2.340070911875796171e-16
1.239333080797049291e+00 2.410833388995425426e-16
1.249603398562073808e+00 2.483732503432138432e-16
1.259958826156432288e+00 2.558831449415986593e-16
1.270400068882844069e+00 2.636195212395372585e-16
1.280927837888852228e+00 2.715890616165308710e-16
1.291542850215259053e+00 2.797986371078895178e-16
1.302245828844963205e+00 2.882553123361659949e-16
1.313037502752201879e+00 2.969663505546631777e-16
1.323918606952201760e+00 3.059392188049392713e-16
1.334889882551238527e+00 3.151815931900739101e-16
1.345952076797114927e+00 3.247013642656382224e-16
1.357105943130054948e+00 3.345066425501238761e-16
1.368352241234019884e+00 3.446057641568217478e-16
1.379691737088450498e+00 3.550072965488425179e-16
1.391125203020437073e+00 3.657200444191961753e-16
1.402653417757322440e+00 3.767530556977646783e-16
1.414277166479740666e+00 3.881156276869397530e-16
1.425997240875095384e+00 3.998173133277560839e-16
1.437814439191480442e+00 4.118679275982697869e-16
1.449729566292049965e+00 4.242775540460034494e-16
1.461743433709834727e+00 4.370565514561522571e-16
1.473856859703017275e+00 4.502155606572744272e-16
1.486070669310662229e+00 4.637655114661855166e-16
1.498385694408908897e+00 4.777176297737113376e-16
1.510802773767630836e+00 4.920834447729275440e-16
1.523322753107563488e+00 5.068747963314393521e-16
1.535946485157905439e+00 5.221038425093777240e-16
1.548674829714397738e+00 5.377830672245011499e-16
1.561508653697884830e+00 5.539252880659157681e-16
1.574448831213358657e+00 5.705436642578503382e-16
1.587496243609494595e+00 5.876517047749517715e-16
1.600651779538678765e+00 6.052632766100868012e-16
1.613916335017534953e+00 6.233926131964136861e-16
1.627290813487950460e+00 6.420543229843717000e-16
1.640776125878609770e+00 6.612633981751723428e-16
1.654373190667037585e+00 6.810352236115001748e-16
1.668082933942155011e+00 7.013855858266134710e-16
1.681906289467355986e+00 7.223306822526139306e-16
1.695844198744105080e+00 7.438871305887451048e-16
1.709897611076061974e+00 7.660719783304455904e-16
1.724067483633738851e+00 7.889027124596736917e-16
1.738354781519692915e+00 8.123972692971642245e-16
1.752760477834258479e+00 8.365740445169723475e-16
1.767285553741823723e+00 8.614519033234563788e-16
1.781930998537659239e+00 8.870501907911545704e-16
1.796697809715296135e+00 9.133887423673913648e-16
1.811586993034466797e+00 9.404878945376170774e-16
1.826599562589604764e+00 9.683684956532656458e-16
1.841736540878915696e+00 9.970519169217889675e-16
1.856998958874019001e+00 1.026560063558376860e-15
1.872387856090165448e+00 1.056915386098683726e-15
1.887904280657039413e+00 1.088140891871746052e-15
1.903549289390146226e+00 1.120260156632145478e-15
1.919323947862790369e+00 1.153297336350233960e-15
1.935229330478652532e+00 1.187277179159098091e-15
1.951266520544965077e+00 1.222225037456693754e-15
1.967436610346297909e+00 1.258166880161520119e-15
1.983740701218950075e+00 1.295129305119789052e-15
2.000179903625964428e+00 1.333139551662040872e-15
2.016755337232758016e+00 1.372225513306810285e-15
2.033468130983384636e+00 1.412415750608760370e-15
2.050319423177423772e+00 1.453739504148488868e-15
2.067310361547511466e+00 1.496226707660815270e-15
2.084442103337512009e+00 1.539908001298562647e-15
2.101715815381334895e+00 1.584814745027752071e-15
2.119132674182410359e+00 1.630979032150837448e-15
2.136693865993818164e+00 1.678433702953615397e-15
2.154400586899082537e+00 1.727212358471336942e-15
2.172254042893639436e+00 1.777349374369686818e-15
2.190255449966973522e+00 1.828879914935014689e-15
2.208406034185439459e+00 1.881839947169193779e-15
2.226707031775768453e+00 1.936266254982757166e-15
2.245159689209268450e+00 1.992196453481008644e-15
2.263765263286717566e+00 2.049669003336262193e-15
2.282525021223967165e+00 2.108723225239842793e-15
2.301440240738251042e+00 2.169399314426642714e-15
2.320512210135206921e+00 2.231738355265116974e-15
2.339742228396625823e+00 2.295782335904434528e-15
2.359131605268923515e+00 2.361574162971207794e-15
2.378681661352346932e+00 2.429157676306989321e-15
2.398393728190919116e+00 2.498577663737234941e-15
2.418269148363130228e+00 2.569879875863105618e-15
2.438309275573380841e+00 2.643111040865475352e-15
2.458515474744180196e+00 2.718318879311511555e-15
2.478889122109111387e+00 2.795552118952978299e-15
2.499431605306566162e+00 2.874860509504896544e-15
2.520144323474255543e+00 2.956294837393107059e-15
2.541028687344505599e+00 3.039906940458991901e-15
2.562086119340339252e+00 3.125749722608139429e-15
2.583318053672360115e+00 3.213877168390540925e-15
2.604725936436432576e+00 3.304344357498345337e-15
2.626311225712176345e+00 3.397207479167404544e-15
2.648075391662275901e+00 3.492523846467778955e-15
2.670019916632610624e+00 3.590351910468676568e-15
2.692146295253219801e+00 3.690751274261242842e-15
2.714456034540096763e+00 3.793782706824186604e-15
2.736950653997834326e+00 3.899508156714682727e-15
2.759631685723116234e+00 4.007990765567759496e-15
2.782500674509067906e+00 4.119294881386234341e-15
2.805559177950470495e+00 4.233486071602849403e-15
2.828808766549849363e+00 4.350631135895712162e-15
2.852251023824439180e+00 4.470798118737389010e-15
2.875887546414035434e+00 4.594056321657864774e-15
2.899719944189743437e+00 4.720476315200473629e-15
2.923749840363623509e+00 4.850129950549394087e-15
2.947978871599247430e+00 4.983090370807391459e-15
2.972408688123172382e+00 5.119432021900709149e-15
2.997040953837335042e+00 5.259230663088819532e-15
3.021877346432379596e+00 5.402563473195124250e-15
3.046919557501925002e+00 5.549509541723528359e-15
3.072169292657777717e+00 5.700149580689463858e-15
3.097628271646100995e+00 5.854565753035809680e-15
3.123298228464544302e+00 6.012841686713583964e-15
3.149180911480347955e+00 6.175062488718191893e-15
3.175278083549418984e+00 6.341314758827696313e-15
3.201591522136402634e+00 6.511686603022095887e-15
3.228123019435742869e+00 6.686267646564229242e-15
3.254874382493745610e+00 6.865149046721714281e-15
3.281847433331661179e+00 7.048423505107223175e-15
3.309044009069773917e+00 7.236185279616884782e-15
3.336465962052535872e+00 7.428530195942594118e-15
3.364115159974719216e+00 7.625555658637463664e-15
3.391993486008634040e+00 7.827360661708729646e-15
3.420102838932383982e+00 8.034045798716086701e-15
3.448445133259190332e+00 8.245713272349880791e-15
3.477022299367793945e+00 8.462466903464885548e-15
3.505836283633926076e+00 8.684412139543610688e-15
3.534889048562880554e+00 8.911656062563760133e-15
3.564182572923173531e+00 9.144307396243089536e-15
3.593718851881321896e+00 9.382476512635258486e-15
3.623499897137730130e+00 9.626275438047980191e-15
3.653527737063703817e+00 9.875817858257543523e-15
3.683804416839607132e+00 1.013121912298975122e-14
3.714331998594151418e+00 1.039259624963920025e-14
3.745112561544853502e+00 1.066006792619757296e-14
3.776148202139642418e+00 1.093375451336096851e-14
3.807441034199654961e+00 1.121377804578642265e-14
3.838993189063201417e+00 1.150026223246764214e-14
3.870806815730929884e+00 1.179333245619712781e-14
3.902884081012199413e+00 1.209311577208556319e-14
3.935227169672651737e+00 1.239974090510554924e-14
3.967838284583022013e+00 1.271333824662779667e-14
4.000719646869171697e+00 1.303403984992561427e-14
4.033873496063367092e+00 1.336198037824399658e-14
4.067302090256815994e+00 1.369729990312934135e-14
4.101007706253462004e+00 1.404014148497580241e-14
4.134992639725060037e+00 1.439065039864947524e-14
4.169259205367526810e+00 1.474897415519676041e-14
4.203809737058603169e+00 1.511526252349324071e-14
4.238646588016806049e+00 1.548966755182680342e-14
4.273772130961702942e+00 1.587234358940934712e-14
4.309188758275528386e+00 1.626344730780683822e-14
4.344898882166111420e+00 1.666313772228315756e-14
4.380904934831185038e+00 1.707157621304777229e-14
4.417209368624030574e+00 1.748892654640164471e-14
4.453814656220512980e+00 1.791535489577246386e-14
4.490723290787494548e+00 1.835102986263149123e-14
4.527937786152631539e+00 1.879612249728369963e-14
4.565460676975607868e+00 1.925080631952534239e-14
4.603294518920750811e+00 1.971525733915651096e-14
4.641441888831110418e+00 2.018965407634533312e-14
4.679905384903961796e+00 2.067417758183202913e-14
4.718687626867761331e+00 2.116901145696515837e-14
4.757791256160586180e+00 2.167434187356290600e-14
4.797218936110029475e+00 2.219035759358799023e-14
4.836973352114609881e+00 2.271724998863158636e-14
4.877057211826659966e+00 2.325521305919194188e-14
4.917473245336755561e+00 2.380444345374395919e-14
4.958224205359654135e+00 2.436514048758891020e-14
4.999312867421775941e+00 2.493750616147226365e-14
5.040742030050258116e+00 2.552174567131021376e-14
5.082514514963543562e+00 2.611806909524893115e-14
5.124633167263581868e+00 2.672669006524333402e-14
5.167100855629595202e+00 2.734782528149645510e-14
5.209920472513472234e+00 2.798169454551160911e-14
5.253094934336768773e+00 2.862852079340386210e-14
5.296627181689338215e+00 2.928853012947059095e-14
5.340520179529621103e+00 2.996195186002334213e-14
5.384776917386582262e+00 3.064901852748640425e-14
5.429400409563326591e+00 3.134996594476476723e-14
5.474393695342407717e+00 3.206503322988448130e-14
5.519759839192819761e+00 3.279446284091013989e-14
5.565501930978728140e+00 3.353850061114206713e-14
5.611623086169911900e+00 3.429739578459795616e-14
5.658126446053961978e+00 3.507140105178382366e-14
5.705015177950224725e+00 3.586077258575532827e-14
5.752292475425536011e+00 3.666577007847876161e-14
5.799961558511727233e+00 3.748665677748952177e-14
5.848025673924939660e+00 3.832369952286122769e-14
5.896488095286762210e+00 3.917716878447977559e-14
5.945352123347185547e+00 4.004733869963802633e-14
5.994621086209429350e+00 4.093448711094640314e-14
6.044298339556601896e+00 4.183889573042163343e-14
6.094387266880265663e+00 4.276085077769550428e-14
6.144891279710880561e+00 4.370064261987999255e-14
6.195813817850160277e+00 4.465856558471702085e-14
6.247158349605358652e+00 4.563491800471359693e-14
6.298928372025488720e+00 4.663000226200593641e-14
6.351127411139512624e+00 4.764412483374437870e-14
6.403759022196495287e+00 4.867759633800084449e-14
6.456826789907740505e+00 4.973073158021965429e-14
6.510334328690960959e+00 5.080384960021408092e-14
6.564285282916439535e+00 5.189727371971906792e-14
6.618683327155256535e+00 5.301133159051686917e-14
6.673532166429550827e+00 5.414635524314166833e-14
6.728835536464878864e+00 5.530268113617454382e-14
6.784597203944649380e+00 5.648065020614257510e-14
6.840820966766662181e+00 5.768060791803273660e-14
6.897510654301793664e+00 5.890290431643321385e-14
6.954670127654802414e+00 6.014789407731114720e-14
7.012303279927316169e+00 6.141593652836074985e-14
7.070414036482977949e+00 6.270738979707816172e-14
7.129006355214813517e+00 6.402260325739180148e-14
7.188084226814794420e+00 6.536192778419234949e-14
7.247651675045635677e+00 6.672571731962597065e-14
7.307712757014868110e+00 6.811432884659802906e-14
7.368271563451146200e+00 6.952812236055153230e-14
7.429332218982885649e+00 7.096746083948531787e-14
7.490898882419172011e+00 7.243271021218577887e-14
7.552975747033028320e+00 7.392423932463558894e-14
7.615567040847008862e+00 7.544241990457076237e-14
7.678677026921166160e+00 7.698762652415585815e-14
7.742310003643418703e+00 7.856023656074287049e-14
7.806470305022291001e+00 8.016063015568808263e-14
7.871162300982120108e+00 8.178919017119553139e-14
7.936390397660681550e+00 8.344630214514652887e-14
8.002159037709281719e+00 8.513235424377099947e-14
8.068472700595357594e+00 8.684773294363865397e-14
8.135335902907561589e+00 8.859281111311352493e-14
8.202753198663387479e+00 9.036795882036657013e-14
8.270729179619340954e+00 9.217354656728240308e-14
8.339268475583683227e+00 9.400994514791043406e-14
8.408375754731768126e+00 9.587752550263110808e-14
8.478055723923976217e+00 9.777665856799698887e-14
8.548313129026313462e+00 9.970771512221738691e-14
8.619152755233633556e+00 1.016710656262426204e-13
8.690579427395572765e+00 1.036670800604343029e-13
8.762598010345149291e+00 1.056961277567789326e-13
8.835213409230117776e+00 1.077585772266170287e-13
8.908430569847055835e+00 1.098547959838832196e-13
8.982254478978202172e+00 1.119851503638113532e-13
9.056690164731135084e+00 1.141500030456145164e-13
9.131742696881198995e+00 1.163496953674896179e-13
9.207417187216835330e+00 1.185845552394087124e-13
9.283718789887725364e+00 1.208549060242270647e-13
9.360652701755837413e+00 1.231610663045816438e-13
9.438224162749390800e+00 1.255033495735783580e-13
9.516438456219736608e+00 1.278820639191277605e-13
9.595300909301212045e+00 1.302975117019636838e-13
9.674816893273955998e+00 1.327499892274214909e-13
9.754991823929762162e+00 1.352397864110221921e-13
9.835831161940930656e+00 1.377671864379511559e-13
9.917340413232194507e+00 1.403324654165093421e-13
9.999525129355733455e+00 1.429358920256196549e-13
1.008239090786927150e+01 1.455777418145736239e-13
1.016594339271734704e+01 1.482583440121694218e-13
1.025018827461568627e+01 1.509780406380196469e-13
1.033513129143883980e+01 1.537371717426387502e-13
1.042077822861093672e+01 1.565360752719119616e-13
1.050713491949976230e+01 1.593750869297412262e-13
1.059420724581404194e+01 1.622545400388489695e-13
1.068200113800407536e+01 1.651747653998021648e-13
1.077052257566561266e+01 1.681360911482558495e-13
1.085977758794714454e+01 1.711388426104497346e-13
1.094977225396056397e+01 1.741833421570052190e-13
1.104051270319516398e+01 1.772699098868530008e-13
1.113200511593515252e+01 1.803988882419456258e-13
1.122425572368056912e+01 1.835706480808365877e-13
1.131727080957173115e+01 1.867855624149359728e-13
1.141105670881714573e+01 1.900440048159667234e-13
1.150561980912500637e+01 1.933463494011097430e-13
1.160096655113828312e+01 1.966929708187902637e-13
1.169710342887335308e+01 2.000842442351627276e-13
1.179403699016232387e+01 2.035205453212745939e-13
1.189177383709899516e+01 2.070022502409780868e-13
1.199032062648854868e+01 2.105297356395485605e-13
1.208968407030090120e+01 2.141034141654076683e-13
1.218987093612787120e+01 2.177238954468509711e-13
1.229088804764413645e+01 2.213918711235565713e-13
1.239274228507195375e+01 2.251080538236349824e-13
1.249544058564978677e+01 2.288731777735464675e-13
1.259898994410479212e+01 2.326879994689365139e-13
1.270339741312925241e+01 2.365532983625425857e-13
1.280867010386088545e+01 2.404698775697240799e-13
1.291481518636720693e+01 2.444385645922990300e-13
1.302183989013389187e+01 2.484602119425006690e-13
1.312975150455714157e+01 2.525356734867013216e-13
1.323855737944017896e+01 2.566657730552817095e-13
1.334826492549382948e+01 2.608513492013966157e-13
1.345888161484128709e+01 2.650932628563928162e-13
1.357041498152699788e+01 2.693923979786984949e-13
1.368287262202981580e+01 2.737496622195607579e-13
1.379626219578042345e+01 2.781659876061893326e-13
1.391059142568295748e+01 2.826423312428887691e-13
1.402586809864105355e+01 2.871796759713519312e-13
1.414210006608818659e+01 2.917790215199608288e-13
1.425929524452245545e+01 2.964413738250919573e-13
1.437746161604573203e+01 3.011677623444118796e-13
1.449660722890733666e+01 3.059592432303630677e-13
1.461674019805222713e+01 3.108169000777723049e-13
1.473786870567364815e+01 3.157418446916234330e-13
1.486000100177045447e+01 3.207352178756897028e-13
1.498314540470902223e+01 3.257981902427093223e-13
1.510731030178977008e+01 3.309319191263609501e-13
1.523250414981844258e+01 3.361373208855442000e-13
1.535873547568208330e+01 3.414152220280287078e-13
1.548601287692983064e+01 3.467664552434034579e-13
1.561434502235844057e+01 3.521918595630656513e-13
1.574374065260273881e+01 3.576922803492563715e-13
1.587420858073096852e+01 3.632685692827253250e-13
1.600575769284499117e+01 3.689215843381277709e-13
1.613839694868554986e+01 3.746520390247530079e-13
1.627213538224249234e+01 3.804601063378403683e-13
1.640698210237010457e+01 3.863458029035468927e-13
1.654294629340746781e+01 3.923090998263614981e-13
1.668003721580401333e+01 3.983499209736761249e-13
1.681826420675028189e+01 4.044681412431404286e-13
1.695763668081381681e+01 4.106635848145566166e-13
1.709816413058041817e+01 4.169360728032867745e-13
1.723985612730067274e+01 4.232858972371823853e-13
1.738272232154186270e+01 4.297136436112248283e-13
1.752677244384523192e+01 4.362198987084478212e-13
1.767201630538872337e+01 4.428052464624090768e-13
1.781846379865527297e+01 4.494702677778341302e-13
1.796612489810651070e+01 4.562155403488536481e-13
1.811500966086214248e+01 4.630416260182774519e-13
1.826512822738493824e+01 4.699489799035324731e-13
1.841649082217142208e+01 4.769379961004178964e-13
1.856910775444818995e+01 4.840090543585889607e-13
1.872298941887411061e+01 4.911625199134930840e-13
1.887814629624832108e+01 4.983987429952643932e-13
1.903458895422401298e+01 5.057180603897272369e-13
1.919232804802822656e+01 5.131211391128925254e-13
1.935137432118754930e+01 5.206093901491890829e-13
1.951173860625990386e+01 5.281843665525534798e-13
1.967343182557227266e+01 5.358476751451797442e-13
1.983646499196465030e+01 5.436009780133633180e-13
2.000084920954015644e+01 5.514459940443039831e-13
2.016659567442126288e+01 5.593845611384626240e-13
2.033371567551238357e+01 5.674188229307489790e-13
2.050222059526879548e+01 5.755510626959894134e-13
2.067212191047183012e+01 5.837836485765855917e-13
2.084343119301057357e+01 5.921190360206216593e-13
2.101616011067002887e+01 6.005597702934100572e-13
2.119032042792582615e+01 6.091084729120333077e-13
2.136592400674543413e+01 6.177678098576196489e-13
2.154298280739610760e+01 6.265405317444793995e-13
2.172150888925953183e+01 6.354294855768869220e-13
2.190151441165309976e+01 6.444376176035218823e-13
2.208301163465813843e+01 6.535679650369678321e-13
2.226601291995490683e+01 6.628233448725947676e-13
2.245053073166458191e+01 6.722062942923540160e-13
2.263657763719812976e+01 6.817194017803675342e-13
2.282416630811228231e+01 6.913653278088949692e-13
2.301330952097264415e+01 7.011468067415814326e-13
2.320402015822381259e+01 7.110662621772436384e-13
2.339631120906684458e+01 7.211249011110100523e-13
2.359019577034392512e+01 7.313236548811703224e-13
2.378568704743043583e+01 7.416634246823651190e-13
2.398279835513428182e+01 7.521450799587215551e-13
2.418154311860280359e+01 7.627693836395901269e-13
2.438193487423719219e+01 7.735366740801014001e-13
2.458398727061436873e+01 7.844471002892012009e-13
2.478771406941663358e+01 7.955007386900998607e-13
2.499312914636894334e+01 8.066975903133405276e-13
2.520024649218402146e+01 8.180374597577738536e-13
2.540908021351519608e+01 8.295195341986239467e-13
2.561964453391722785e+01 8.411427317503292104e-13
2.583195379481510301e+01 8.529058373905487862e-13
2.604602245648074899e+01 8.648075048285647392e-13
2.626186509901796740e+01 8.768473697041131946e-13
2.647949642335544596e+01 8.890274260397353613e-13
2.669893125224809083e+01 9.013500370072521975e-13
2.692018453128651245e+01 9.138176339888542634e-13
2.714327132991500235e+01 9.264327162973433213e-13
2.736820684245794766e+01 9.391978281560163801e-13
2.759500638915462289e+01 9.521155671597618855e-13
2.782368541720270727e+01 9.651886035242632305e-13
2.805425950181033912e+01 9.784196876186941641e-13
2.828674434725701659e+01 9.918124035183628176e-13
2.852115578796309947e+01 1.005372009905184438e-12
2.875750978956834203e+01 1.019104164726022747e-12
2.899582245001933956e+01 1.033014751296583571e-12
2.923611000066586385e+01 1.047109355136333380e-12
2.947838880736642508e+01 1.061391507792854456e-12
2.972267537160296413e+01 1.075864229440198331e-12
2.996898633160470737e+01 1.090530603030264640e-12
3.021733846348140418e+01 1.105393902319170108e-12
3.046774868236594003e+01 1.120458223665206190e-12
3.072023404356647092e+01 1.135728054099916802e-12
3.097481174372795465e+01 1.151208014499741607e-12
3.123149912200344858e+01 1.166902354740945240e-12
3.149031366123512754e+01 1.182812664246792204e-12
3.175127298914492968e+01 1.198939555586818935e-12
3.201439487953523866e+01 1.215283552429378444e-12
3.227969725349940688e+01 1.231844595365020826e-12
3.254719818064243242e+01 1.248620810717690180e-12
3.281691588031156215e+01 1.265609741394164927e-12
3.308886872283724045e+01 1.282808704825051061e-12
3.336307523078437498e+01 1.300216148497751237e-12
3.363955408021379156e+01 1.317832550899095957e-12
3.391832410195429759e+01 1.335658515632250792e-12
3.419940428288524714e+01 1.353694588808369390e-12
3.448281376722975011e+01 1.371941330340905757e-12
3.476857185785851101e+01 1.390399282179104170e-12
3.505669801760454618e+01 1.409068922599598359e-12
3.534721187058889313e+01 1.427950861442409684e-12
3.564013320355704906e+01 1.447046104139644913e-12
3.593548196722672117e+01 1.466355682601389519e-12
3.623327827764664022e+01 1.485881641469334678e-12
3.653354241756669296e+01 1.505634340620835924e-12
3.683629483781929537e+01 1.525628554802979802e-12
3.714155615871231220e+01 1.545879628567013088e-12
3.744934717143357261e+01 1.566399772345902694e-12
3.775968883946682553e+01 1.587197433148034854e-12
3.807260230001963919e+01 1.608281058732284496e-12
3.838810886546297496e+01 1.629647168940624145e-12
3.870623002478288299e+01 1.651266605817959437e-12
3.902698744504394313e+01 1.673105384650929547e-12
3.935040297286511191e+01 1.695144851477734493e-12
3.967649863590767012e+01 1.717419725106220421e-12
4.000529664437547694e+01 1.739977207489619234e-12
4.033681939252769411e+01 1.762856943036721184e-12
4.067108946020412219e+01 1.786062107785429343e-12
4.100812961436300697e+01 1.809586592836557757e-12
4.134796281063173495e+01 1.833419992455926291e-12
4.169061219487029035e+01 1.857536873907321061e-12
4.203610110474782147e+01 1.881906949349245402e-12
4.238445307133198980e+01 1.906514287338584441e-12
4.273569182069174133e+01 1.931389835883751505e-12
4.308984127551335774e+01 1.956574759714006356e-12
4.344692555672965995e+01 1.982092385145199614e-12
4.380696898516297466e+01 2.007928307176562586e-12
4.416999608318155168e+01 2.034063258056007887e-12
4.453603157636988641e+01 2.060491345123264014e-12
4.490510039521262087e+01 2.087222272958503068e-12
4.527722767679259874e+01 2.114267584364611326e-12
4.565243876650301047e+01 2.141645015051000993e-12
4.603075921977355733e+01 2.169376108460611677e-12
4.641221480381103959e+01 2.197474578898498735e-12
4.679683149935436859e+01 2.225926621738223340e-12
4.718463550244415217e+01 2.254712910541065721e-12
4.757565322620676085e+01 2.283837851789955496e-12
4.796991130265340075e+01 2.313332851181129731e-12
4.836743658449406524e+01 2.343225144285007866e-12
4.876825614696629430e+01 2.373507698454792624e-12
4.917239728967938817e+01 2.404161458197118901e-12
4.957988753847370589e+01 2.435160135637159750e-12
4.999075464729551754e+01 2.466468474503543825e-12
5.040502660008719005e+01 2.498074342783089236e-12
5.082273161269320383e+01 2.530075510832015229e-12
5.124389813478202882e+01 2.562594185054236433e-12
5.166855485178363949e+01 2.595585841557221011e-12
5.209673068684337238e+01 2.628861404771638790e-12
5.252845480279181345e+01 2.662341057417311532e-12
5.296375660413117004e+01 2.696200823868978171e-12
5.340266573903784320e+01 2.730610010627857045e-12
5.384521210138181146e+01 2.765494049304455083e-12
5.429142583276279765e+01 2.800706053772029856e-12
5.474133732456300550e+01 2.836260326315965654e-12
5.519497722001717221e+01 2.872283660798892215e-12
5.565237641629963861e+01 2.908815227181862732e-12
5.611356606662880608e+01 2.945779045744228300e-12
5.657857758238883861e+01 2.983127693920030563e-12
5.704744263526912817e+01 3.020890298198731252e-12
5.752019315942153810e+01 3.059094356029911326e-12
5.799686135363526063e+01 3.097731627623686543e-12
5.847747968352992132e+01 3.136802843615466776e-12
5.896208088376688750e+01 3.176376672492649098e-12
5.945069796027865294e+01 3.216513255160642367e-12
5.994336419251695247e+01 3.257125016320964773e-12
6.044011313571935773e+01 3.298112776488725937e-12
6.094097862319481607e+01 3.339607863902235244e-12
6.144599476862786247e+01 3.381779035280739045e-12
6.195519596840214405e+01 3.424498152592086308e-12
6.246861690394325706e+01 3.467586248070457460e-12
6.298629254408066913e+01 3.511200106631458382e-12
6.350825814742959352e+01 3.555536501688896433e-12
6.403454926479233222e+01 3.600445833451600056e-12
6.456520174157975589e+01 3.645767302809806707e-12
6.510025172025255813e+01 3.691645788200980153e-12
6.563973564278292372e+01 3.738223849206495090e-12
6.618369025313677412e+01 3.785475293700724240e-12
6.673215259977610003e+01 3.833340022013137561e-12
6.728516003818243973e+01 3.881748280358550232e-12
6.784275023340114785e+01 3.930729788358612297e-12
6.840496116260682413e+01 3.980405121376180718e-12
6.897183111768968899e+01 4.030787322825655699e-12
6.954339870786381539e+01 4.081834081662405192e-12
7.011970286229680482e+01 4.133551500143022627e-12
7.070078283276103548e+01 4.185984405475016403e-12
7.128667819630727820e+01 4.239223801478615190e-12
7.187742885796009773e+01 4.293172917437977893e-12
7.247307505343600553e+01 4.347595576113081014e-12
7.307365735188363942e+01 4.402797249600862543e-12
7.367921665864697900e+01 4.459095593638536538e-12
7.428979421805154004e+01 4.516094932204340461e-12
7.490543161621329205e+01 4.573616725138052508e-12
7.552617078387116578e+01 4.631878267992333922e-12
7.615205399924292351e+01 4.691162277429130652e-12
7.678312389090477552e+01 4.751516640635828788e-12
7.741942344069464355e+01 4.812494095487329263e-12
7.806099598663969630e+01 4.873956126059944056e-12
7.870788522590819980e+01 4.936136005897275247e-12
7.936013521778552615e+01 4.999596773324456386e-12
8.001779038667507393e+01 5.064301844131908030e-12
8.068089552512397233e+01 5.129709561356346174e-12
8.134949579687406640e+01 5.195668647202657166e-12
8.202363673993767179e+01 5.262443171902845709e-12
8.270336426969930699e+01 5.330459231456862249e-12
8.338872468204311872e+01 5.399589795885015057e-12
8.407976465650580167e+01 5.469619930728422268e-12
8.477653125945599299e+01 5.540423778690260408e-12
8.547907194730012748e+01 5.612055936584908321e-12
8.618743456971442640e+01 5.684908464015949208e-12
8.690166737290398657e+01 5.759106494714483183e-12
8.762181900288884151e+01 5.834047674080879996e-12
8.834793850881730748e+01 5.910067842574078997e-12
8.908007534630644386e+01 5.987381281338706651e-12
8.981827938081059415e+01 6.065646498982623289e-12
9.056260089101786548e+01 6.144647412879458399e-12
9.131309057227424830e+01 6.224964639694636195e-12
9.206979954003665512e+01 6.306959822397658205e-12
9.283277933335429566e+01 6.390181298161142443e-12
9.360208191837912750e+01 6.474207554109040227e-12
9.437775969190501257e+01 6.559286049076080610e-12
9.515986548493650332e+01 6.645713863781917268e-12
9.594845256628735797e+01 6.733574650989761399e-12
9.674357464620828750e+01 6.822997493438080081e-12
9.754528588004539813e+01 6.913566173814952103e-12
9.835364087192851912e+01 7.005256691196920661e-12
9.916869467849049613e+01 7.098385644650280799e-12
9.999050281261679629e+01 7.193241200568804649e-12
1.008191212472265192e+02 7.289786316454421406e-12
1.016546064190849563e+02 7.386874988169104356e-12
1.024970152326470725e+02 7.485389385531330665e-12
1.033464050639334744e+02 7.586404912051370915e-12
1.042028337644382106e+02 7.689266789129491053e-12
1.050663596650689158e+02 7.792944213417297377e-12
1.059370415801200664e+02 7.898125762907924411e-12
1.068149388112782532e+02 8.005285751780104878e-12
1.077001111516614884e+02 8.113696691225082031e-12
1.085926188898916962e+02 8.223873018932868409e-12
1.094925228142008393e+02 8.336108750854386893e-12
1.103998842165712659e+02 8.449762055200565802e-12
1.113147648969100487e+02 8.564750713436834792e-12
1.122372271672587516e+02 8.681936844508592937e-12
1.131673338560366062e+02 8.801255621895337413e-12
1.141051483123203383e+02 8.921543955500002479e-12
1.150507344101586398e+02 9.043381156847136600e-12
1.160041565529226091e+02 9.167603990282130824e-12
1.169654796776922296e+02 9.293781297966703974e-12
1.179347692596791148e+02 9.421459143908225590e-12
1.189120913166864142e+02 9.550807277701557558e-12
1.198975124136045878e+02 9.682644991622751860e-12
1.208910996669455358e+02 9.816753061236640649e-12
1.218929207494137756e+02 9.952404443540724741e-12
1.229030438945156050e+02 1.009034902831023742e-11
1.239215379012064204e+02 1.023031826144848601e-11
1.249484721385764630e+02 1.037234806652274251e-11
1.259839165505760263e+02 1.051631887152127085e-11
1.270279416607785521e+02 1.066288906330147206e-11
1.280806185771843957e+02 1.081183924259976726e-11
1.291420189970639569e+02 1.096237398399657764e-11
1.302122152118407712e+02 1.111564338877948727e-11
1.312912801120154143e+02 1.127219091662462261e-11
1.323792871921297376e+02 1.143106187419191344e-11
1.334763105557732388e+02 1.159175367314948616e-11
1.345824249206292791e+02 1.175446541145470732e-11
1.356977056235647012e+02 1.192071964137330383e-11
1.368222286257607436e+02 1.208915948900106651e-11
1.379560705178868716e+02 1.226009890405815980e-11
1.390993085253171557e+02 1.243415409222869775e-11
1.402520205133900220e+02 1.261185112470718984e-11
1.414142849927121688e+02 1.279090657958236664e-11
1.425861811245049466e+02 1.297335679175341050e-11
1.437677887259967520e+02 1.315947003847195124e-11
1.449591882758589350e+02 1.334791153809576664e-11
1.461604609196873810e+02 1.353917811871269932e-11
1.473716884755291403e+02 1.373392987864120236e-11
1.485929534394549876e+02 1.393170489230155212e-11
1.498243389911787062e+02 1.413243507919327569e-11
1.510659289997215069e+02 1.433669385505484597e-11
1.523178080291249614e+02 1.454383905873683371e-11
1.535800613442104066e+02 1.475467791683436290e-11
1.548527749163863518e+02 1.496779505419488135e-11
1.561360354295038633e+02 1.518586024981679345e-11
1.574299302857604630e+02 1.540695102885294760e-11
1.587345476116536815e+02 1.563118770745884192e-11
1.600499762639823018e+02 1.585836918293037151e-11
1.613763058358989895e+02 1.609075399584328349e-11
1.627136266630123771e+02 1.632645627588602732e-11
1.640620298295396537e+02 1.656509005565335467e-11
1.654216071745102852e+02 1.680769287045793014e-11
1.667924512980210352e+02 1.705520640295668513e-11
1.681746555675434536e+02 1.730573602237700650e-11
1.695683141242822387e+02 1.756005794296210645e-11
1.709735218895876869e+02 1.781971383495801542e-11
1.723903745714205229e+02 1.808241208011579975e-11
1.738189686708707313e+02 1.835002453856747819e-11
1.752594014887300204e+02 1.862124520035803764e-11
1.767117711321187414e+02 1.889855017951587117e-11
1.781761765211687987e+02 1.917886681801067888e-11
1.796527173957597086e+02 1.946432114623453962e-11
1.811414943223128091e+02 1.975460596808630496e-11
1.826426087006404941e+02 2.005044916201640789e-11
1.841561627708524043e+02 2.034966102251513019e-11
1.856822596203191154e+02 2.065492702162890076e-11
1.872210031906930965e+02 2.096515440975641832e-11
1.887724982849888988e+02 2.127970540249384391e-11
1.903368505747200459e+02 2.159902417897320190e-11
1.919141666070970871e+02 2.192477970400871115e-11
1.935045538122842004e+02 2.225648054436581598e-11
1.951081205107163612e+02 2.259190906578855939e-11
1.967249759204768225e+02 2.293356222569507642e-11
1.983552301647357297e+02 2.328094219809208571e-11
1.999989942792514910e+02 2.363382204574283857e-11
2.016563802199319753e+02 2.399178785431969778e-11
2.033275008704607103e+02 2.435685737358817695e-11
2.050124700499850405e+02 2.472691965747328807e-11
2.067114025208683472e+02 2.510223780600218269e-11
2.084244139965062175e+02 2.548474919034219497e-11
2.101516211492084665e+02 2.587334232417064140e-11
2.118931416181443694e+02 2.626844364008367317e-11
2.136490940173558499e+02 2.666859628355054494e-11
2.154195979438359529e+02 2.707576618989887474e-11
2.172047739856746773e+02 2.749103000285784464e-11
2.190047437302719686e+02 2.791165063263782962e-11
2.208196297726189243e+02 2.833917906889915957e-11
2.226495557236484615e+02 2.877626617043586329e-11
2.244946462186530880e+02 2.921539383666746308e-11
2.263550269257746663e+02 2.966588110505215729e-11
2.282308245545632985e+02 3.012184255219875015e-11
2.301221668646075500e+02 3.058642185492509345e-11
2.320291826742360399e+02 3.105766053341850130e-11
2.339520018692909389e+02 3.153731532557777484e-11
2.358907554119753343e+02 3.202559536229624995e-11
2.378455753497717353e+02 3.252177098725400226e-11
2.398165948244365211e+02 3.302422975299193165e-11
2.418039480810680004e+02 3.353649939072758643e-11
2.438077704772497896e+02 3.405585943122349359e-11
2.458281984922699053e+02 3.458506383573621935e-11
2.478653697364161133e+02 3.512269482758657885e-11
2.499194229603493795e+02 3.566827811707059342e-11
2.519904980645527246e+02 3.622247091430720038e-11
2.540787361088606815e+02 3.678607835131094168e-11
2.561842793220666294e+02 3.735906066399859694e-11
2.583072711116099072e+02 3.794086281261800770e-11
2.604478560733430754e+02 3.853120829109588981e-11
2.626061800013802667e+02 3.913212175634401977e-11
2.647823898980279864e+02 3.974193006197067762e-11
2.669766339837958640e+02 4.036149337059568030e-11
2.691890617074928969e+02 4.099293830926046653e-11
2.714198237564061742e+02 4.163226041004879242e-11
2.736690720665638423e+02 4.228258447010195493e-11
2.759369598330837334e+02 4.294325557204911596e-11
2.782236415206069182e+02 4.361490722180021014e-11
2.805292728738192523e+02 4.429656817798851177e-11
2.828540109280576758e+02 4.499068207303269135e-11
2.851980140200066671e+02 4.569506711677177862e-11
2.875614417984822353e+02 4.641103124437480057e-11
2.899444552353055542e+02 4.713685254598812767e-11
2.923472166362668645e+02 4.787675311172421578e-11
2.947698896521792449e+02 4.862765664771272333e-11
2.972126392900265159e+02 4.938942262607072926e-11
2.996756319241996493e+02 5.016432244892883691e-11
3.021590353078297539e+02 5.095140680770354623e-11
3.046630185842133187e+02 5.175044851717635314e-11
3.071877522983324980e+02 5.256414166176472042e-11
3.097334084084708365e+02 5.338872667542035491e-11
3.123001602979248901e+02 5.422689782613414687e-11
3.148881827868146956e+02 5.507793698975037611e-11
3.174976521439885460e+02 5.594316748474718288e-11
3.201287460990300247e+02 5.682183475395950512e-11
3.227816438543626418e+02 5.771347383254874509e-11
3.254565260974553098e+02 5.861915225565083303e-11
3.281535750131287159e+02 5.953808122720069644e-11
3.308729742959637861e+02 6.047235832046137879e-11
3.336149091628140582e+02 6.142084777533367880e-11
3.363795663654188957e+02 6.238461026292356537e-11
3.391671342031241920e+02 6.336346415794098504e-11
3.419778025357072124e+02 6.435671561644795852e-11
3.448117627963078462e+02 6.536591676651924230e-11
3.476692080044667819e+02 6.639054177549853441e-11
3.505503327792718551e+02 6.743163577110419097e-11
3.534553333526147867e+02 6.849008195337992908e-11
3.563844075825542177e+02 6.956314240222406386e-11
3.593377549667932840e+02 7.065294923650892749e-11
3.623155766562668418e+02 7.175856666520875372e-11
3.653180754688418119e+02 7.288252416504248250e-11
3.683454559031309827e+02 7.402337012990498022e-11
3.713979241524208419e+02 7.517821260216689140e-11
3.744756881187169597e+02 7.635504943022427519e-11
3.775789574269016953e+02 7.755202960765297330e-11
3.807079434390131496e+02 7.876378168538295927e-11
3.838628592686407615e+02 7.999041321375821651e-11
3.870439197954398765e+02 8.124065126590587043e-11
3.902513416797677337e+02 8.250867544859807505e-11
3.934853433774391078e+02 8.379523693084335262e-11
3.967461451546071203e+02 8.510094621220957906e-11
4.000339691027630806e+02 8.642693937500612038e-11
4.033490391538643962e+02 8.777234093573371304e-11
4.066915810955863435e+02 8.913691430610650028e-11
4.100618225867000319e+02 9.052239810261461391e-11
4.134599931725779811e+02 9.193022024369607814e-11
4.168863243008299264e+02 9.335848490968556346e-11
4.203410493370640211e+02 9.480698016001062709e-11
4.238244035807828709e+02 9.627675460817442815e-11
4.273366242814094562e+02 9.776971298452722267e-11
4.308779506544458400e+02 9.928466078478358047e-11
4.344486238977661969e+02 1.008230148456642627e-10
4.380488872080439933e+02 1.023792252383923908e-10
4.416789857973180915e+02 1.039615283484066117e-10
4.453391669096910164e+02 1.055671083552511073e-10
4.490296798381705798e+02 1.071956595564128072e-10
4.527507759416485555e+02 1.088474713698091727e-10
4.565027086620208365e+02 1.105241836495075688e-10
4.602857335414489057e+02 1.122252806465385054e-10
4.641001082397643245e+02 1.139501798400376081e-10
4.679460925520198202e+02 1.156998331906514689e-10
4.718239484261808343e+02 1.174755794404547593e-10
4.757339399809685574e+02 1.192766365722841029e-10
4.796763335238484274e+02 1.211031879315588491e-10
4.836513975691683527e+02 1.229552548770561605e-10
4.876594028564467749e+02 1.248339791606872526e-10
4.917006223688124464e+02 1.267411682862201523e-10
4.957753313515988793e+02 1.286723879536326901e-10
4.998838073310882919e+02 1.306315442669716429e-10
5.040263301334158541e+02 1.326198883755030495e-10
5.082031819036278648e+02 1.346365938664727039e-10
5.124146471248984653e+02 1.366802908904558834e-10
5.166610126379057419e+02 1.387520337999268626e-10
5.209425676603678994e+02 1.408543504481294403e-10
5.252596038067434847e+02 1.429863253073090038e-10
5.296124151080902038e+02 1.451464947307706859e-10
5.340012980320932456e+02 1.473360903354466929e-10
5.384265515032569738e+02 1.495568644851742298e-10
5.428884769232647614e+02 1.518092783770652937e-10
5.473873781915068548e+02 1.540914479734816140e-10
5.519235617257785407e+02 1.564028967537725616e-10
5.564973364831524805e+02 1.587478966018816309e-10
5.611090139810177106e+02 1.611286719691939323e-10
5.657589083182999730e+02 1.635351952821923139e-10
5.704473361968533709e+02 1.659759439371453010e-10
5.751746169430315376e+02 1.684516777690978536e-10
5.799410725294362692e+02 1.709615775277343251e-10
5.847470275968465785e+02 1.735042206660510266e-10
5.895928094763321496e+02 1.760798296765663767e-10
5.944787482115438024e+02 1.786919055566456485e-10
5.994051765811957466e+02 1.813396513777190015e-10
6.043724301217293942e+02 1.840214730219960172e-10
6.093808471501672557e+02 1.867384063063867331e-10
6.144307687871554435e+02 1.894925756798722597e-10
6.195225389801960318e+02 1.922836649106268279e-10
6.246565045270767769e+02 1.951097405710795146e-10
6.298330150994861469e+02 1.979676026696906078e-10
6.350524232668331024e+02 2.008676922026418137e-10
6.403150845202587789e+02 2.038124379534314282e-10
6.456213572968495100e+02 2.067878370949560718e-10
6.509716030040493706e+02 2.098005302554440724e-10
6.563661860442748548e+02 2.128532999027865410e-10
6.618054738397371466e+02 2.159466708293801552e-10
6.672898368574624328e+02 2.190770960433787586e-10
6.728196486345273115e+02 2.222481009197168134e-10
6.783952858034995188e+02 2.254594117965661333e-10
6.840171281180899996e+02 2.287130051032284187e-10
6.896855584790180274e+02 2.320064075327441830e-10
6.954009629600891458e+02 2.353400258987128590e-10
7.011637308344938901e+02 2.387180439227227313e-10
7.069742546013162610e+02 2.421401694359420100e-10
7.128329300122697987e+02 2.456034835911590338e-10
7.187401560986511413e+02 2.491100257559940578e-10
7.246963351985176587e+02 2.526611484582828749e-10
7.307018729840908691e+02 2.562566766958345380e-10
7.367571784893857512e+02 2.598977536639505200e-10
7.428626641380724323e+02 2.635802945795586785e-10
7.490187457715620667e+02 2.673106552534577062e-10
7.552258426773323663e+02 2.710864495827120901e-10
7.614843776174844834e+02 2.749073072566033298e-10
7.677947768575370446e+02 2.787723955888533121e-10
7.741574701954585862e+02 2.826870113101005977e-10
7.805728909909404365e+02 2.866498125217508485e-10
7.870414761949157310e+02 2.906573023115308634e-10
7.935636663793150092e+02 2.947102931886582267e-10
8.001399057670768116e+02 2.988145617745045261e-10
8.067706422624019069e+02 3.029689519145637757e-10
8.134563274812610416e+02 3.071699665573402643e-10
8.201974167821522315e+02 3.114178817029911344e-10
8.269943692971190785e+02 3.157189961486857007e-10
8.338476479630166978e+02 3.200726654098892869e-10
8.407577195530454901e+02 3.244749654058804743e-10
8.477250547085421886e+02 3.289259140075672310e-10
8.547501279710345443e+02 3.334316315393661400e-10
8.618334178145626083e+02 3.379920180599395259e-10
8.689754066782660402e+02 3.426024840202325768e-10
8.761765809992465392e+02 3.472631539936934164e-10
8.834374312456934604e+02 3.519804134715842056e-10
8.907584519502930789e+02 3.567537244732563820e-10
8.981401417439096804e+02 3.615781811857163780e-10
9.055830033895473434e+02 3.664542273632318115e-10
9.130875438165926425e+02 3.713887047041232514e-10
9.206542741553407723e+02 3.763806345940292501e-10
9.282837097718115729e+02 3.814254017984544613e-10
9.359763703028456803e+02 3.865228976975834200e-10
9.437327796915004683e+02 3.916804757402947835e-10
9.515534662227340732e+02 3.968975087927806298e-10
9.594389625593871642e+02 4.021692448103026340e-10
9.673898057784622324e+02 4.074948163625546530e-10
9.754065374077021033e+02 4.128822140697248877e-10
9.834897034624780190e+02 4.183309895440863329e-10
9.916398544829716002e+02 4.238362146771001730e-10
9.998575455716763827e+02 4.293965397184734514e-10
1.008143336431204375e+03 4.350204397472809257e-10
1.016497791402406847e+03 4.407077689226874806e-10
1.024921479502811962e+03 4.464527167951803399e-10
1.033414974465378464e+03 4.522545843115054383e-10
1.041978854777577226e+03 4.581216891021298734e-10
1.050613703720784542e+03 4.640540282521078372e-10
1.059320109410014084e+03 4.700456300758761587e-10
1.068098664833972180e+03 4.761007280834293294e-10
1.076949967895445070e+03 4.822118289044985576e-10
1.085874621452022438e+03 4.883953923545967323e-10
1.094873233357156323e+03 4.946401650161215132e-10
1.103946416501566773e+03 5.009494969620417414e-10
1.113094788854977878e+03 5.073173138163672995e-10
1.122318973508212139e+03 5.137589421905221468e-10
1.131619598715628172e+03 5.202629210352234650e-10
1.140997297937910389e+03 5.268325739270753220e-10
1.150452709885214063e+03 5.334677426095563946e-10
1.159986478560665319e+03 5.401674496776250927e-10
1.169599253304229933e+03 5.469371928454993106e-10
1.179291688836931598e+03 5.537736684689365106e-10
1.189064445305449908e+03 5.606771320519796112e-10
1.198918188327080316e+03 5.676466647160809368e-10
1.208853589035070627e+03 5.746906864676384976e-10
1.218871324124330158e+03 5.817977712738456213e-10
1.228972075897518607e+03 5.889761694215365360e-10
1.239156532311521460e+03 5.962244568847356044e-10
1.249425387024300335e+03 6.035432858569648212e-10
1.259779339442141008e+03 6.109292779553974784e-10
1.270219094767289334e+03 6.183884168294254643e-10
1.280745364045982569e+03 6.259189825606010217e-10
1.291358864216876782e+03 6.335217975636955897e-10
1.302060318159877852e+03 6.411928469952416242e-10
1.312850454745379693e+03 6.489385985002837091e-10
1.323730008883901291e+03 6.567573248261769794e-10
1.334699721576144839e+03 6.646502142270152288e-10
1.345760339963464048e+03 6.726124415863220307e-10
1.356912617378752202e+03 6.806508564722088220e-10
1.368157313397750386e+03 6.887633697509722377e-10
1.379495193890780229e+03 6.969515350232170682e-10
1.390927031074914112e+03 7.052103180750338406e-10
1.402453603566559650e+03 7.135467641173933694e-10
1.414075696434498923e+03 7.219586673754816755e-10
1.425794101253355848e+03 7.304479446820308853e-10
1.437609616157510800e+03 7.390088872101344810e-10
1.449523045895460655e+03 7.476490646578456005e-10
1.461535201884629259e+03 7.563664534992560085e-10
1.473646902266637198e+03 7.651629173384958723e-10
1.485858971963016984e+03 7.740317390014222503e-10
1.498172242731403912e+03 7.829819145282696184e-10
1.510587553222184624e+03 7.920102233490420102e-10
1.523105749035617919e+03 8.011189727832288582e-10
1.535727682779427369e+03 8.103010818469531047e-10
1.548454214126871193e+03 8.195658015951132753e-10
1.561286209875299846e+03 8.289101556406362392e-10
1.574224544005183361e+03 8.383361302250980225e-10
1.587270097739645507e+03 8.478368435419273360e-10
1.600423759604479983e+03 8.574217543503381201e-10
1.613686425488668647e+03 8.670874985600131569e-10
1.627058998705398153e+03 8.768367645744063789e-10
1.640542390053590225e+03 8.866614665597659136e-10
1.654137517879926918e+03 8.965718483743027617e-10
1.667845308141403848e+03 9.065642141720580502e-10
1.681666694468396372e+03 9.166415035869494191e-10
1.695602618228247593e+03 9.267951077464552751e-10
1.709654028589384779e+03 9.370360118332902272e-10
1.723821882585965795e+03 9.473600091351495484e-10
1.738107145183067587e+03 9.577644922852907078e-10
1.752510789342400130e+03 9.682576639640586095e-10
1.767033796088580857e+03 9.788339544913672196e-10
1.781677154575950681e+03 9.894946772813987714e-10
1.796441862155943454e+03 1.000237062607370055e-09
1.811328924445016355e+03 1.011069543900063450e-09
1.826339355393139158e+03 1.021985939152627921e-09
1.841474177352861716e+03 1.032988326735174962e-09
1.856734421148934871e+03 1.044072902755742893e-09
1.872121126148526173e+03 1.055249213214665032e-09
1.887635340332009037e+03 1.066511440859100970e-09
1.903278120364340793e+03 1.077859698478116037e-09
1.919050531667030555e+03 1.089291665398910686e-09
1.934953648490703245e+03 1.100817171056823256e-09
1.950988553988273452e+03 1.112428948236344362e-09
1.967156340288707725e+03 1.124128498504716838e-09
1.983458108571415778e+03 1.135911804828913134e-09
1.999894969141249248e+03 1.147791433384278766e-09
2.016468041504124812e+03 1.159756975888895733e-09
2.033178454443272130e+03 1.171811920863389391e-09
2.050027346096113433e+03 1.183961305081525304e-09
2.067015864031789533e+03 1.196190404751005429e-09
2.084145165329307019e+03 1.208515572308249561e-09
2.101416416656356432e+03 1.220931646186462819e-09
2.118830794348768450e+03 1.233439851456580672e-09
2.136389484490635823e+03 1.246031843852810440e-09
2.154093682995096970e+03 1.258721330473875128e-09
2.171944595685784861e+03 1.271501246260165685e-09
2.189943438378965311e+03 1.284375737833916012e-09
2.208091436966332822e+03 1.297334493429970843e-09
2.226389827498513114e+03 1.310392125901445628e-09
2.244839856269247321e+03 1.323541284023893581e-09
2.263442779900277856e+03 1.336786605363630423e-09
2.282199865426935958e+03 1.350116355053311463e-09
2.301112390384434548e+03 1.363604402868779702e-09
2.320181642894893685e+03 1.377128104989187421e-09
2.339408921755054507e+03 1.390689110407181774e-09
2.358795536524754880e+03 1.404395157984352730e-09
2.378342807616115806e+03 1.418201875454666753e-09
2.398052066383475449e+03 1.432161249351178687e-09
2.417924655214068935e+03 1.446102933209072026e-09
2.437961927619452126e+03 1.460189194220786694e-09
2.458165248327700283e+03 1.474376850447975231e-09
2.478535993376343413e+03 1.488661166716691792e-09
2.499075550206098342e+03 1.503094215330355553e-09
2.519785317755362939e+03 1.517515740335265396e-09
2.540666706555497058e+03 1.532090175128465579e-09
2.561721138826894276e+03 1.546761043432621515e-09
2.582950048575845358e+03 1.561583808773619039e-09
2.604354881692217077e+03 1.576392677587587837e-09
2.625937096047917294e+03 1.591358162913362218e-09
2.647698161596199043e+03 1.606421072378408887e-09
2.669639560471774985e+03 1.621636930738462772e-09
2.691762787091767223e+03 1.636839738545296792e-09
2.714069348257487945e+03 1.652199777743101179e-09
2.736560763257068174e+03 1.667713550447114817e-09
2.759238563968942344e+03 1.683273243936537313e-09
2.782104294966170528e+03 1.698923171072870232e-09
2.805159513621647875e+03 1.714633625865642257e-09
2.828405790214174885e+03 1.730549332807474055e-09
2.851844708035405802e+03 1.746511074381935952e-09
2.875477863497689668e+03 1.762568706396333157e-09
2.899306866242794513e+03 1.778733380925604642e-09
2.923333339251552388e+03 1.795001003170020405e-09
2.947558918954383444e+03 1.811369649199590482e-09
2.971985255342762230e+03 1.827835473243144451e-09
2.996614012081594410e+03 1.844411243962283834e-09
3.021446866622530706e+03 1.861087831728908068e-09
3.046485510318214892e+03 1.877824892736492243e-09
3.071731648537477668e+03 1.894747194563615814e-09
3.097187000781504139e+03 1.911737569822413823e-09
3.122853300800924444e+03 1.928829604199627944e-09
3.148732296713915730e+03 1.945986684256132022e-09
3.174825751125259558e+03 1.963324242499619938e-09
3.201135441246392475e+03 1.980734063510223167e-09
3.227663159016452482e+03 1.998246853220773330e-09
3.254410711224321403e+03 2.015824727940276384e-09
3.281379919631699977e+03 2.033586834227200174e-09
3.308572621097164756e+03 2.051421566863361411e-09
3.335990667701290477e+03 2.069360262176079647e-09
3.363635926872791515e+03 2.087364587921527240e-09
3.391510281515709266e+03 2.105555375498333399e-09
3.419615630137654534e+03 2.123821196245518379e-09
3.447953886979125855e+03 2.142148252931806387e-09
3.476526982143868281e+03 2.160627547822660716e-09
3.505336861730344935e+03 2.179210927713574530e-09
3.534385487964279946e+03 2.197955433133115975e-09
3.563674839332307783e+03 2.216718484417266091e-09
3.593206910716723542e+03 2.235636761630010255e-09
3.622983713531350986e+03 2.254660415293040763e-09
3.653007275858555204e+03 2.273847607182139206e-09
3.683279642587349372e+03 2.293052471341848355e-09
3.713802875552687510e+03 2.312415256084663553e-09
3.744579053675891373e+03 2.331846333053607082e-09
3.775610273106242857e+03 2.351526581039784343e-09
3.806898647363754208e+03 2.371173179512820286e-09
3.838446307483113287e+03 2.390946558951668804e-09
3.870255402158843026e+03 2.410859292090469070e-09
3.902328097891625021e+03 2.430901352415891788e-09
3.934666579135872780e+03 2.451066026167631888e-09
3.967273048448512327e+03 2.471325520995053076e-09
4.000149726638995162e+03 2.491706679820486057e-09
4.033298852920557692e+03 2.512208777092229670e-09
4.066722685062727578e+03 2.532824870552723252e-09
4.100423499545116101e+03 2.553558297585470851e-09
4.134403591712444722e+03 2.574404766489936074e-09
4.168665275930893586e+03 2.595374193270623498e-09
4.203210885745730593e+03 2.616459020554036948e-09
4.238042774040245604e+03 2.637663064869194284e-09
4.273163313196004310e+03 2.658981797262712951e-09
4.308574895254427247e+03 2.680424915896588727e-09
4.344279932079727587e+03 2.701985439100812950e-09
4.380280855523152240e+03 2.723667003258702259e-09
4.416580117588637222e+03 2.745464975056751293e-09
4.453180190599803609e+03 2.767389744544495931e-09
4.490083567368346849e+03 2.789433836534689878e-09
4.527292761363823047e+03 2.811599884148907141e-09
4.564810306884833153e+03 2.833885469484645288e-09
4.602638759231651420e+03 2.856298506371321536e-09
4.640780694880239935e+03 2.878832885813721974e-09
4.679238711657747444e+03 2.901492563261303397e-09
4.718015428919439728e+03 2.924271915276829873e-09
4.757113487727107895e+03 2.947182520655650038e-09
4.796535551028945520e+03 2.970215649328872764e-09
4.836284303840915527e+03 2.993483544539490623e-09
4.876362453429646848e+03 3.016767151604272169e-09
4.916772729496794454e+03 3.040182586630715417e-09
4.957517884364979182e+03 3.063722926695955119e-09
4.998600693165238226e+03 3.087392694940453063e-09
5.040023954026041793e+03 3.111187248792516730e-09
5.081790488263870429e+03 3.135116617957412373e-09
5.123903140575368525e+03 3.159173262113025849e-09
5.166364779231114881e+03 3.183360282814957314e-09
5.209178296270949431e+03 3.207675255124950893e-09
5.252346607700968889e+03 3.232126310386374810e-09
5.295872653692128551e+03 3.256707062244244554e-09
5.339759398780497577e+03 3.281420866438317007e-09
5.384009832069168624e+03 3.306265925663205645e-09
5.428626967431841877e+03 3.331248205565971261e-09
5.473613843718118915e+03 3.356361275167595241e-09
5.518973524960443683e+03 3.381612712522699599e-09
5.564709100582816973e+03 3.406994951768261477e-09
5.610823685611205292e+03 3.432518784141976219e-09
5.657320420885708700e+03 3.458176209671421957e-09
5.704202473274475778e+03 3.483972256352006580e-09
5.751473035889397579e+03 3.509901910735987752e-09
5.799135328303609640e+03 3.535977470463767211e-09
5.847192596770739328e+03 3.562116861624621364e-09
5.895648114446031286e+03 3.588539470109160144e-09
5.944505181609273677e+03 3.615028999900504821e-09
5.993767125889578892e+03 3.641664782194926453e-09
6.043437302492025992e+03 3.668437922692260349e-09
6.093519094426177617e+03 3.695356718221426661e-09
6.144015912736517748e+03 3.722347517241820209e-09
6.194931196734739387e+03 3.749554833555134955e-09
6.246268414234018564e+03 3.776902014462716866e-09
6.298031061785201928e+03 3.804396076932675039e-09
6.350222664914952475e+03 3.832034970500065487e-09
6.402846778365868886e+03 3.859824249892440594e-09
6.455906986338597562e+03 3.887757360302202217e-09
6.509406902735970107e+03 3.915840318936270726e-09
6.563350171409108953e+03 3.944069053039295782e-09
6.617740466405631196e+03 3.972453604522272280e-09
6.672581492219884240e+03 4.000983125599924046e-09
6.727876984045252357e+03 4.029665717187826796e-09
6.783630708028552363e+03 4.058497640046899309e-09
6.839846461526575695e+03 4.087485743499916938e-09
6.896528073364677766e+03 4.116625509174474717e-09
6.953679404097588304e+03 4.145921301338235222e-09
7.011304346272342627e+03 4.175367137649327136e-09
7.069406824693402086e+03 4.204973917355294197e-09
7.127990796689970011e+03 4.234733736794981213e-09
7.187060252385518652e+03 4.264654640648270279e-09
7.246619214969577115e+03 4.294899855043109346e-09
7.306671740971713007e+03 4.325138638964457924e-09
7.367221920537842379e+03 4.355535935625482363e-09
7.428273877708805230e+03 4.386091629390836198e-09
7.489831770701249297e+03 4.416809587023229064e-09
7.551899792190846711e+03 4.447692521265089646e-09
7.614482169597840766e+03 4.478734403801995538e-09
7.677583165375012868e+03 4.509941524486107748e-09
7.741207077297944124e+03 4.541310615987229572e-09
7.805358238757763502e+03 4.572851902340585059e-09
7.870041019056293408e+03 4.604552835209258188e-09
7.935259823703631810e+03 4.636425905196663992e-09
8.001019094718214546e+03 4.668463249704149371e-09
8.067323310929346007e+03 4.700674802501985546e-09
8.134176988282290040e+03 4.733051734424078272e-09
8.201584680145790117e+03 4.765602257538818283e-09
8.269550977622238861e+03 4.798320676701751477e-09
8.338080509860359598e+03 4.831216023035349436e-09
8.407177944370499972e+03 4.864197517410326972e-09
8.476847987342533088e+03 4.897440522753536438e-09
8.547095383966381632e+03 4.930854617354549110e-09
8.617924918755250474e+03 4.964449946881597064e-09
8.689341415871440404e+03 4.998220182048546400e-09
8.761349739454955852e+03 5.032170648631165604e-09
8.833954793954791967e+03 5.066296324638520663e-09
8.907161524462970192e+03 5.100606570449693070e-09
8.980974917051347802e+03 5.135096203225122830e-09
9.055399999111208672e+03 5.169770311440745514e-09
9.130441839695715316e+03 5.204622593114931323e-09
9.206105549865094872e+03 5.239663630321465462e-09
9.282396283034795488e+03 5.274888593451870497e-09
9.359319235326474882e+03 5.310301266206419664e-09
9.436879645921899282e+03 5.345743110291275303e-09
9.515082797419783674e+03 5.381528752917237037e-09
9.593934016195578806e+03 5.417755282358929040e-09
9.673438672764286821e+03 5.453671410381105809e-09
9.753602182146183623e+03 5.490025290092668032e-09
9.834430004235669912e+03 5.526574664479978300e-09
9.915927644173139925e+03 5.563317181122812096e-09
9.998100652719926074e+03 5.600256668197709214e-09
1.008095462663635226e+04 5.637387933073525421e-09
1.016449520906296129e+04 5.674718220183605512e-09
1.024872808990481826e+04 5.712245434994436414e-09
1.033365900621906803e+04 5.749975305352584602e-09
1.041929374260569421e+04 5.787900280220381022e-09
1.050563813160148493e+04 5.826028216764255479e-09
1.059269805407730382e+04 5.864359009649245370e-09
1.068047943963861326e+04 5.902895871594635851e-09
1.076898826702935548e+04 5.941632674049139663e-09
1.085823056453914432e+04 5.980577263418261673e-09
1.094821241041386384e+04 6.019728978653896171e-09
1.103893993326961936e+04 6.059091725150802204e-09
1.113041931251025562e+04 6.098658998952190674e-09
1.122265677874808898e+04 6.138439501477127436e-09
1.131565861422836497e+04 6.178431079632980363e-09
1.140943115325711733e+04 6.218637717741058380e-09
1.150398078263258867e+04 6.259054369974161813e-09
1.159931394208023994e+04 6.299688515083362321e-09
1.169543712469135062e+04 6.340539413688310426e-09
1.179235687736526233e+04 6.381610442899560606e-09
1.189007980125528411e+04 6.422895218691507831e-09
1.198861255221829197e+04 6.464403873583801573e-09
1.208796184126806111e+04 6.506132614514485839e-09
1.218813443503233975e+04 6.548087331155918912e-09
1.228913715621373376e+04 6.590261886165949092e-09
1.239097688405435838e+04 6.632664131599370795e-09
1.249366055480449359e+04 6.675292986768725948e-09
1.259719516219484467e+04 6.718152338160475314e-09
1.270158775791299195e+04 6.761235039185171615e-09
1.280684545208364943e+04 6.804551529190432576e-09
1.291297541375292894e+04 6.848099464682442420e-09
1.301998487137662232e+04 6.891884555145999974e-09
1.312788111331252912e+04 6.935899623833531293e-09
1.323667148831686245e+04 6.980352198932783227e-09
1.334636340604476391e+04 7.024843071124308166e-09
1.345696433755497674e+04 7.069575704273573397e-09
1.356848181581869721e+04 7.114543276928664998e-09
1.368092343623263514e+04 7.159753864011890536e-09
1.379429685713633444e+04 7.205207209310202051e-09
1.390860980033375381e+04 7.250909242648719240e-09
1.402387005161930574e+04 7.296851241786843948e-09
1.414008546130797004e+04 7.343041933662045642e-09
1.425726394477009308e+04 7.389481060574772416e-09
1.437541348297046716e+04 7.436172657354330470e-09
1.449454212301191183e+04 7.483112905382692046e-09
1.461465797868335903e+04 7.530304999539829377e-09
1.473576923101247485e+04 7.577756069944237034e-09
1.485788412882286866e+04 7.625460520702903024e-09
1.498101098929591353e+04 7.673421361973892429e-09
1.510515819853722860e+04 7.721639868079519328e-09
1.523033421214785085e+04 7.770121775014275269e-09
1.535654755580013807e+04 7.818865827272729419e-09
1.548380682581845213e+04 7.867871828580107802e-09
1.561212068976461705e+04 7.917140388435193588e-09
1.574149788702839032e+04 7.966680104640316216e-09
1.587194722942250337e+04 8.016485361326821177e-09
1.600347760178296448e+04 8.066559634894838083e-09
1.613609796257415837e+04 8.116905653053656039e-09
1.626981734449900978e+04 8.167524271403366643e-09
1.640464485511419480e+04 8.218420084960350446e-09
1.654058967745045084e+04 8.269588073908218770e-09
1.667766107063802701e+04 8.321032752068850063e-09
1.681586837053732233e+04 8.372758920508023408e-09
1.695522099037473890e+04 8.424765532644566104e-09
1.709572842138382475e+04 8.477054074106102990e-09
1.723740023345169539e+04 8.529623808763725608e-09
1.738024607577085771e+04 8.582484552207741874e-09
1.752427567749636728e+04 8.635633681526515232e-09
1.766949884840860614e+04 8.689065154183496726e-09
1.781592547958122304e+04 8.742791762145026298e-09
1.796356554405495262e+04 8.796809282391002000e-09
1.811242909751681873e+04 8.851122505589681578e-09
1.826252627898504943e+04 8.905732205100547335e-09
1.841386731149962361e+04 8.960483426649065112e-09
1.856646250281855100e+04 9.015688107282164895e-09
1.872032224611994752e+04 9.071192779272112037e-09
1.887545702070989137e+04 9.127003180012876843e-09
1.903187739273617626e+04 9.183115414371545779e-09
1.918959401590795824e+04 9.239536202043344307e-09
1.934861763222137233e+04 9.296263360283545506e-09
1.950895907269113013e+04 9.353299125946633023e-09
1.967062925808837463e+04 9.410647695010621139e-09
1.983363919968425034e+04 9.468311230965639325e-09
1.999800000000001455e+04 9.526291085841735647e-09
